     0/299    0.182G   0.07993   0.01555   0.05225   0.06134   0.06531    0.1267    0.4011         5       608         0         0         0         0         0         0         0
     1/299    0.168G   0.05212  0.009651    0.0444   0.02277   0.02468   0.05345    0.2071         4       416         0         0         0         0         0         0         0
     2/299    0.168G   0.05179   0.01005   0.04261    0.0202   0.03101   0.05152    0.2072         3       352         0         0         0         0         0         0         0
     3/299    0.172G   0.04974   0.01026   0.04192   0.02234   0.03068    0.0526    0.2075         3       448         0         0         0         0         0         0         0
     4/299   0.0524G   0.04585   0.01042   0.03932   0.02096   0.02774   0.04954    0.1938         7       384         0         0         0         0         0         0         0
     5/299     1.49G   0.04381   0.01017   0.03713   0.01694   0.02439   0.04705    0.1795         8       352         0         0         0         0         0         0         0
     6/299    0.292G    0.0416  0.009814   0.03391   0.01442   0.02051   0.04184    0.1621         2       960         0         0         0         0         0         0         0
     7/299     1.68G   0.04061  0.009655   0.03238   0.01337   0.02058   0.03892    0.1555         3       416         0         0         0         0         0         0         0
     8/299    0.193G   0.03917  0.009124   0.02971   0.01222   0.01696    0.0367    0.1439         2       640         0         0         0         0         0         0         0
     9/299     0.18G   0.03735  0.008727   0.02766   0.01122   0.01542   0.03639    0.1368         3       480         0         0         0         0         0         0         0
    10/299     1.49G   0.03769  0.008597   0.02659   0.01048   0.01525   0.03616    0.1348         3       480         0         0         0         0         0         0         0
    11/299    0.317G   0.03773  0.008582   0.02557   0.01023    0.0167   0.03569    0.1345         4       736         0         0         0         0         0         0         0
    12/299    0.233G   0.03735  0.008921   0.02509   0.01044   0.01559   0.03475    0.1321         3       832         0         0         0         0         0         0         0
    13/299     1.48G   0.03564  0.008824   0.02321  0.008702   0.01243   0.03277    0.1216         6       960         0         0         0         0         0         0         0
    14/299     1.48G   0.03553  0.008468   0.02296  0.009039   0.01473    0.0322    0.1229         2       352         0         0         0         0         0         0         0
    15/299     1.48G   0.03567  0.008119   0.02229  0.009483   0.01334   0.03268    0.1216         1       448         0         0         0         0         0         0         0
    16/299     1.48G   0.03541  0.008538   0.02196  0.008978   0.01537   0.03198    0.1222         4       352         0         0         0         0         0         0         0
    17/299    0.268G   0.03502  0.008142   0.02152  0.009092   0.01532   0.03148    0.1206         4       320         0         0         0         0         0         0         0
    18/299     1.39G   0.03488  0.008289   0.02057  0.008778    0.0125   0.03117    0.1162         9       832         0         0         0         0         0         0         0
    19/299    0.195G   0.03475  0.008246   0.02072    0.0085   0.01521    0.0313    0.1187         8       576         0         0         0         0         0         0         0
    20/299    0.208G   0.03363  0.008021   0.01973  0.008107   0.01331   0.03037    0.1132         4       768         0         0         0         0         0         0         0
    21/299     1.41G   0.03384  0.007817   0.01999  0.008339   0.01302   0.03079    0.1138         3       736         0         0         0         0         0         0         0
    22/299     1.41G   0.03418  0.008183   0.02034  0.009111   0.01484   0.03279    0.1194         6       448         0         0         0         0         0         0         0
    23/299     1.41G   0.03407  0.007623   0.01991  0.009671   0.01469    0.0321    0.1181        10       768         0         0         0         0         0         0         0
    24/299     1.41G   0.03321  0.007945   0.01867  0.008157   0.01127   0.03012    0.1094         2       608         0         0         0         0         0         0         0
    25/299    0.212G   0.03288  0.007853   0.01842  0.007626   0.01236   0.02909    0.1082         4       864         0         0         0         0         0         0         0
    26/299     0.12G   0.03281  0.008014   0.01812  0.007174   0.01184   0.02948    0.1074         3       928         0         0         0         0         0         0         0
    27/299      1.6G   0.03165  0.007267   0.01729  0.006736   0.01074    0.0285    0.1022        11       640         0         0         0         0         0         0         0
    28/299      1.6G   0.03285  0.007517   0.01848  0.008209   0.01246   0.03124    0.1108         5       640         0         0         0         0         0         0         0
    29/299      1.6G   0.03251   0.00793   0.01697  0.008184   0.01179   0.02918    0.1066         3       352         0         0         0         0         0         0         0
    30/299    0.155G   0.03205  0.007508   0.01729  0.006528   0.01234   0.02941    0.1051         2       800         0         0         0         0         0         0         0
    31/299     1.55G   0.03209  0.007186   0.01698  0.007425   0.01172   0.02812    0.1035         3       832         0         0         0         0         0         0         0
    32/299     1.55G   0.03183   0.00755   0.01653  0.007539    0.0123    0.0271    0.1028         4       384         0         0         0         0         0         0         0
    33/299     1.55G   0.03226   0.00742   0.01724  0.006957   0.01351   0.02947    0.1069         3       480         0         0         0         0         0         0         0
    34/299     1.55G   0.03177  0.007687     0.017  0.007511   0.01169   0.02873    0.1044         4       352         0         0         0         0         0         0         0
    35/299     1.55G   0.03205  0.007047   0.01722  0.007351    0.0113   0.02904     0.104         5       960         0         0         0         0         0         0         0
    36/299     1.55G   0.03242  0.007615   0.01639  0.007621   0.01199    0.0291    0.1051         6       864         0         0         0         0         0         0         0
    37/299     1.55G   0.03135  0.007067   0.01596  0.006959   0.01098   0.02732   0.09964         3       800         0         0         0         0         0         0         0
    38/299     1.55G   0.03143  0.007195   0.01546  0.007394   0.01121   0.02644   0.09913         3       448         0         0         0         0         0         0         0
    39/299    0.124G   0.03081  0.006932   0.01525  0.006348   0.01022   0.02657   0.09613         6       704         0         0         0         0         0         0         0
    40/299     1.69G   0.03027  0.007097   0.01502  0.006345    0.0109   0.02536   0.09499         2       640         0         0         0         0         0         0         0
    41/299     0.21G   0.03119  0.007072   0.01559  0.006131   0.01167   0.02799   0.09966         6       672         0         0         0         0         0         0         0
    42/299     1.55G   0.03064  0.007163   0.01461  0.006151   0.01028    0.0264   0.09525         8       480         0         0         0         0         0         0         0
    43/299    0.065G   0.03152  0.007306   0.01621  0.006937   0.01546   0.02745    0.1049         7       512         0         0         0         0         0         0         0
    44/299     1.33G   0.03231  0.007533   0.01579  0.007299    0.0132   0.02914    0.1053         5       352         0         0         0         0         0         0         0
    45/299     1.51G   0.03122  0.007601    0.0154   0.00774   0.01169   0.02754    0.1012         2       384         0         0         0         0         0         0         0
    46/299     1.51G   0.03131   0.00739   0.01491  0.007494   0.01186   0.02701   0.09997         3       672         0         0         0         0         0         0         0
    47/299     1.51G   0.03122  0.006993   0.01504  0.007382   0.01207   0.02737    0.1001         4       608         0         0         0         0         0         0         0
    48/299     1.51G   0.03051  0.006868   0.01383  0.006288   0.01056   0.02602   0.09408         3       512         0         0         0         0         0         0         0
    49/299     1.51G   0.03074  0.007175   0.01355  0.006444  0.009177   0.02561    0.0927         2       416         0         0         0         0         0         0         0
    50/299     1.51G   0.03097  0.007392   0.01457  0.005934   0.01304   0.02596   0.09787         4       480         0         0         0         0         0         0         0
    51/299     1.51G   0.03078  0.007246   0.01394  0.006376   0.01175   0.02718   0.09727         1       576         0         0         0         0         0         0         0
    52/299    0.203G   0.03135  0.007364   0.01483  0.006541   0.01325   0.02731    0.1006         3       896         0         0         0         0         0         0         0
    53/299     1.45G   0.03124  0.007103   0.01384  0.006726     0.011   0.02804   0.09795         3       928         0         0         0         0         0         0         0
    54/299     1.45G   0.03034  0.006758   0.01261  0.006062   0.01064   0.02567   0.09208         1       416         0         0         0         0         0         0         0
    55/299     1.45G   0.03012   0.00691   0.01266  0.006388   0.00972   0.02535   0.09115         3       576         0         0         0         0         0         0         0
    56/299     1.45G   0.03014  0.006897   0.01191  0.006271   0.01008   0.02534   0.09064         3       352         0         0         0         0         0         0         0
    57/299     1.45G    0.0304  0.006807    0.0122  0.005927     0.011   0.02545   0.09178         5       576         0         0         0         0         0         0         0
    58/299     1.45G   0.02942  0.006984   0.01155  0.006467   0.01023   0.02456   0.08921         6       384         0         0         0         0         0         0         0
    59/299     1.45G   0.03016   0.00696   0.01123  0.005829  0.009549   0.02539   0.08911         1       800         0         0         0         0         0         0         0
    60/299     1.45G   0.02968  0.007144   0.01165  0.006579   0.01061   0.02468   0.09034         2       864         0         0         0         0         0         0         0
    61/299     1.45G   0.02978  0.006996   0.01204  0.007009   0.00994   0.02584   0.09161         3       672         0         0         0         0         0         0         0
    62/299     1.45G   0.02948  0.007257   0.01149  0.006282  0.009528   0.02476   0.08879         4       960         0         0         0         0         0         0         0
    63/299     1.45G   0.02998  0.006906   0.01163  0.006925   0.01049   0.02446   0.09039         6       928         0         0         0         0         0         0         0
    64/299     1.45G   0.02982  0.006944   0.01126   0.00585   0.01063   0.02436   0.08887         3       640         0         0         0         0         0         0         0
    65/299     1.45G   0.03073  0.007141   0.01217  0.007067   0.01205   0.02563   0.09479         6       448         0         0         0         0         0         0         0
    66/299     1.45G   0.03014  0.007225   0.01078  0.006165  0.009234   0.02461   0.08816         4       384         0         0         0         0         0         0         0
    67/299     1.45G    0.0299  0.006965   0.01089  0.006598   0.01005   0.02488   0.08929         2       320         0         0         0         0         0         0         0
    68/299     1.45G   0.03021  0.006831   0.01106  0.005616   0.01054   0.02501   0.08926         5       704         0         0         0         0         0         0         0
    69/299     1.45G   0.02924  0.006796   0.01067  0.006259   0.01014   0.02376   0.08687         5       672         0         0         0         0         0         0         0
    70/299     1.45G   0.03011  0.006947   0.01068  0.006402   0.01039   0.02378   0.08831         3       352         0         0         0         0         0         0         0
    71/299     1.45G   0.02931  0.006687   0.01026  0.005998  0.009038    0.0239   0.08519         3       768         0         0         0         0         0         0         0
    72/299     1.45G   0.02921  0.006668   0.01099  0.007025   0.01056   0.02454     0.089         4       800         0         0         0         0         0         0         0
    73/299     1.45G   0.02904  0.006902   0.01013  0.005548  0.009494   0.02209    0.0832         2       352         0         0         0         0         0         0         0
    74/299     1.45G   0.02896   0.00675   0.01032  0.007046   0.01055   0.02341   0.08703         2       928         0         0         0         0         0         0         0
    75/299     1.45G   0.02968  0.006698   0.01036  0.006301  0.009147   0.02378   0.08597         5       576         0         0         0         0         0         0         0
    76/299     1.45G   0.02992  0.007063   0.01032  0.005443  0.008871   0.02349   0.08512         5       736         0         0         0         0         0         0         0
    77/299     1.45G   0.02889  0.006801  0.009771  0.006107   0.01008   0.02291   0.08456         3       864         0         0         0         0         0         0         0
    78/299     1.45G   0.02914  0.006721  0.009503    0.0054  0.008431   0.02351   0.08271         2       896         0         0         0         0         0         0         0
    79/299     1.45G    0.0296    0.0069   0.01006   0.00625  0.009872   0.02304   0.08572         5       480         0         0         0         0         0         0         0
    80/299     1.45G   0.02869  0.006624  0.009169  0.005836  0.009086   0.02255   0.08195         3       672         0         0         0         0         0         0         0
    81/299     1.45G   0.02926  0.006883  0.009412  0.006874  0.009207   0.02307    0.0847         6       608         0         0         0         0         0         0         0
    82/299     1.45G   0.02998  0.006819   0.01052  0.007626   0.01026   0.02428   0.08948         7       864         0         0         0         0         0         0         0
    83/299     1.45G   0.02996  0.006937  0.009981   0.00615  0.009862   0.02415   0.08705         4       672         0         0         0         0         0         0         0
    84/299     1.45G   0.02994   0.00682  0.009915   0.00629   0.01043   0.02497   0.08836         3       608         0         0         0         0         0         0         0
    85/299     1.45G   0.02972  0.006823  0.009643  0.006366    0.0109   0.02545    0.0889         4       608         0         0         0         0         0         0         0
    86/299     1.45G   0.02964  0.007052  0.009333  0.005697   0.01019   0.02366   0.08557         3       832         0         0         0         0         0         0         0
    87/299     1.45G   0.03001  0.006464   0.01002  0.005746   0.01117   0.02482   0.08823         3       448         0         0         0         0         0         0         0
    88/299     1.45G   0.02988  0.006495  0.009276  0.007088  0.009697   0.02493   0.08737         5       928         0         0         0         0         0         0         0
    89/299     1.45G   0.02959    0.0066  0.009213  0.005897  0.009816   0.02517   0.08628        11       800         0         0         0         0         0         0         0
    90/299     1.45G   0.02907  0.006475  0.009356    0.0061   0.01017   0.02418   0.08535         8       800         0         0         0         0         0         0         0
    91/299     1.45G   0.02892  0.006887  0.008796  0.005766  0.009232    0.0241    0.0837         3       512         0         0         0         0         0         0         0
    92/299     1.45G   0.02899  0.006472  0.008736  0.006464    0.0108   0.02287   0.08433         3       768         0         0         0         0         0         0         0
    93/299     1.45G   0.02903  0.006632  0.009083  0.005389   0.01021   0.02305   0.08339         3       416         0         0         0         0         0         0         0
    94/299     1.45G   0.02851   0.00678  0.008851  0.005773   0.01009   0.02361   0.08363         2       608         0         0         0         0         0         0         0
    95/299     1.45G   0.02931   0.00672  0.008616  0.005863  0.009629   0.02406    0.0842         4       736         0         0         0         0         0         0         0
    96/299     1.45G   0.02932  0.006685  0.009086  0.006151   0.01062   0.02334    0.0852         4       416         0         0         0         0         0         0         0
    97/299     1.45G   0.02899  0.006662   0.00852  0.005581   0.00935    0.0234    0.0825         4       512         0         0         0         0         0         0         0
    98/299     1.45G   0.02858    0.0066  0.008027  0.005361  0.009521   0.02174   0.07984         3       832         0         0         0         0         0         0         0
    99/299     1.45G   0.02956  0.006766  0.008853   0.00607  0.009581   0.02297    0.0838         3       800         0         0         0         0         0         0         0
   100/299     1.45G   0.02873  0.006527   0.00827  0.005477  0.009279   0.02351    0.0818         6       800         0         0         0         0         0         0         0
   101/299     1.45G   0.02889  0.006421  0.008265   0.00579   0.00958   0.02329   0.08224         2       736         0         0         0         0         0         0         0
   102/299     1.45G   0.02861  0.006424  0.008796  0.006211     0.011   0.02336   0.08441         1       672         0         0         0         0         0         0         0
   103/299     1.45G   0.02819  0.006511  0.008085   0.00604  0.009021   0.02332   0.08116         3       640         0         0         0         0         0         0         0
   104/299     1.45G   0.02823  0.006731  0.007796  0.005616  0.009917   0.02212   0.08041         5       640         0         0         0         0         0         0         0
   105/299     1.45G   0.02812  0.006392  0.007398  0.005163  0.009257   0.02156   0.07789         6       928         0         0         0         0         0         0         0
   106/299    0.147G   0.02818  0.005986   0.00776  0.005092  0.008329   0.02251   0.07786         8       544         0         0         0         0         0         0         0
   107/299     1.66G   0.02789  0.006235  0.007767  0.005026  0.008924   0.02225   0.07809         9       704         0         0         0         0         0         0         0
   108/299     1.66G   0.02767  0.005941  0.007783   0.00488   0.00966   0.02185   0.07778         4       800         0         0         0         0         0         0         0
   109/299     1.66G   0.02817  0.006369  0.007803  0.005484  0.009895    0.0243   0.08202         4       672         0         0         0         0         0         0         0
   110/299     1.66G   0.02808  0.006309  0.007715  0.005772  0.008279    0.0242   0.08036         5       704         0         0         0         0         0         0         0
   111/299     1.66G   0.02828  0.006651  0.007959   0.00616   0.01006   0.02237   0.08148         2       416         0         0         0         0         0         0         0
   112/299     1.66G   0.02849  0.006748  0.008275  0.005504  0.008634   0.02243   0.08008         4       544         0         0         0         0         0         0         0
   113/299     1.66G   0.02797  0.006489  0.008144  0.006214    0.0085   0.02399   0.08131         5       512         0         0         0         0         0         0         0
   114/299     1.66G   0.02744  0.006375  0.007619  0.006109  0.008307   0.02243   0.07828         2       928         0         0         0         0         0         0         0
   115/299     1.66G   0.02786   0.00624   0.00795  0.006537   0.00863   0.02174   0.07896         6       864         0         0         0         0         0         0         0
   116/299     1.66G   0.02775   0.00612  0.007399  0.005838  0.008701   0.02115   0.07696         2       416         0         0         0         0         0         0         0
   117/299     1.66G   0.02848  0.006706  0.008286  0.005352   0.01085   0.02206   0.08174         2       448         0         0         0         0         0         0         0
   118/299     1.66G   0.02902   0.00666  0.008213  0.006063   0.01066   0.02313   0.08375         3       448         0         0         0         0         0         0         0
   119/299     1.66G    0.0293  0.006801  0.008366  0.006594    0.0104    0.0243   0.08576         3       896         0         0         0         0         0         0         0
   120/299     1.66G   0.02886  0.006707  0.008286  0.005969   0.01059    0.0239   0.08432         3       480         0         0         0         0         0         0         0
   121/299     1.66G    0.0282  0.006347  0.007632  0.005214  0.008915   0.02289    0.0792         8       672         0         0         0         0         0         0         0
   122/299     1.66G   0.02785  0.006333  0.007191  0.005812  0.008943   0.02235   0.07848         6       320         0         0         0         0         0         0         0
   123/299     1.66G   0.02719  0.006272  0.007496  0.005696  0.009293   0.02106   0.07701         6       576         0         0         0         0         0         0         0
   124/299     1.66G   0.02783  0.006373  0.007602  0.005411  0.009993    0.0218   0.07901         3       320         0         0         0         0         0         0         0
   125/299     1.66G   0.02812  0.006546  0.007363  0.006773  0.008617   0.02143   0.07885         3       896         0         0         0         0         0         0         0
   126/299     1.66G    0.0271  0.006509  0.006882  0.004874  0.007702   0.02086   0.07392         2       352         0         0         0         0         0         0         0
   127/299     1.66G    0.0271  0.006284  0.007208  0.005122  0.009705   0.02202   0.07744         2       320         0         0         0         0         0         0         0
   128/299     1.66G   0.02902  0.006819  0.009402  0.005402   0.01023   0.02569   0.08656        10       960         0         0         0         0         0         0         0
   129/299     1.66G   0.02917  0.006758  0.009111  0.006256   0.01187   0.02402   0.08719         7       384         0         0         0         0         0         0         0
   130/299     1.66G   0.02781  0.006608  0.007685  0.005499  0.008919   0.02165   0.07817         3       928         0         0         0         0         0         0         0
   131/299     1.66G   0.02836  0.006746  0.008097  0.005368   0.01043   0.02195   0.08095         3       864         0         0         0         0         0         0         0
   132/299     1.66G   0.02874  0.006488  0.007815  0.005449  0.009284   0.02277   0.08055         3       640         0         0         0         0         0         0         0
   133/299     1.66G   0.02835  0.006565  0.007633  0.006307   0.01042   0.02293   0.08221         3       512         0         0         0         0         0         0         0
   134/299     1.66G   0.02795  0.006634  0.007811  0.005435  0.009037     0.022   0.07887         2       800         0         0         0         0         0         0         0
   135/299     1.66G   0.02754  0.006359  0.007502  0.005667   0.01019   0.02223   0.07949         5       800         0         0         0         0         0         0         0
   136/299     1.66G   0.02768   0.00617  0.007234  0.005703  0.008715   0.02381   0.07931         3       384         0         0         0         0         0         0         0
   137/299     1.66G   0.02682  0.005978  0.006524  0.005238  0.006897   0.02215   0.07361         6       320         0         0         0         0         0         0         0
   138/299     1.66G   0.02744  0.006306    0.0071  0.005091  0.008587   0.02291   0.07743         1       864         0         0         0         0         0         0         0
   139/299     1.66G   0.02754  0.006186  0.007523  0.005754  0.008346   0.02319   0.07854         2       448         0         0         0         0         0         0         0
   140/299     1.66G    0.0274   0.00616  0.007362  0.005197  0.007904   0.02162   0.07564         1       832         0         0         0         0         0         0         0
   141/299     1.66G   0.02748  0.006246  0.007172   0.00559  0.009229   0.02086   0.07658         4       960         0         0         0         0         0         0         0
   142/299     1.66G   0.02668  0.006298  0.006532  0.005229  0.008455   0.02028   0.07347         2       352         0         0         0         0         0         0         0
   143/299     1.66G   0.02739  0.006055  0.007905  0.005885   0.01008   0.02283   0.08015         3       672         0         0         0         0         0         0         0
   144/299     1.66G   0.02726  0.006408  0.007202  0.005243   0.00848   0.02136   0.07595         3       960         0         0         0         0         0         0         0
   145/299     1.66G   0.02792   0.00643  0.007799  0.005531   0.01016   0.02345   0.08129         3       320         0         0         0         0         0         0         0
   146/299     1.66G   0.02699  0.006261  0.007104  0.005035  0.008023    0.0219   0.07531         6       448         0         0         0         0         0         0         0
   147/299     1.66G   0.02624  0.006074  0.007056  0.004916   0.00844   0.02076   0.07349         8       416         0         0         0         0         0         0         0
   148/299     1.66G   0.02711  0.006439  0.007745  0.005396  0.008549   0.02123   0.07647         6       864         0         0         0         0         0         0         0
   149/299     1.66G   0.02741  0.006275  0.007137  0.004724  0.008557   0.02268   0.07678         1       512         0         0         0         0         0         0         0
   150/299     1.66G   0.02604  0.006117   0.00644   0.00441  0.008186   0.02003   0.07122         4       864         0         0         0         0         0         0         0
   151/299     1.66G   0.02662  0.006141  0.006683  0.005013  0.007683   0.02121   0.07334         3       448         0         0         0         0         0         0         0
   152/299     1.66G   0.02636   0.00623  0.007152  0.004943  0.008448   0.02071   0.07384         3       864         0         0         0         0         0         0         0
   153/299     1.66G   0.02613  0.005856  0.006387  0.005008  0.008744   0.01965   0.07177         2       448         0         0         0         0         0         0         0
   154/299     1.66G   0.02637  0.005721  0.006474  0.004689  0.006978   0.02012   0.07035         3       576         0         0         0         0         0         0         0
   155/299     1.66G    0.0261  0.006141  0.006594  0.004798  0.007431   0.01927   0.07033         6       960         0         0         0         0         0         0         0
   156/299     1.66G   0.02621   0.00647  0.006515  0.005061  0.007809   0.02099   0.07306         7       384         0         0         0         0         0         0         0
   157/299     1.66G     0.026  0.005886  0.006445  0.005104  0.008063   0.02017   0.07167         4       544         0         0         0         0         0         0         0
   158/299     1.66G   0.02626  0.005725  0.006573  0.004812  0.008403    0.0207   0.07247         4       864         0         0         0         0         0         0         0
   159/299     1.66G   0.02596  0.006264  0.006428  0.005465   0.00775    0.0196   0.07146         1       448         0         0         0         0         0         0         0
   160/299     1.66G   0.02618  0.006177  0.006488  0.005117  0.008541   0.02027   0.07277         3       480         0         0         0         0         0         0         0
   161/299     1.66G   0.02607  0.006088  0.006703  0.004942  0.008633   0.01937   0.07181         3       736         0         0         0         0         0         0         0
   162/299     1.66G   0.02602  0.005719  0.006189  0.004565  0.007419   0.01949    0.0694         4       608         0         0         0         0         0         0         0
   163/299     1.66G   0.02673  0.006104   0.00686  0.005468   0.00867   0.01981   0.07365         5       704         0         0         0         0         0         0         0
   164/299     1.66G   0.02602  0.006088  0.006298  0.004218  0.008181   0.01914   0.06994         5       608         0         0         0         0         0         0         0
   165/299     1.66G    0.0259  0.006214  0.006592  0.005073  0.008866   0.01999   0.07263         2       320         0         0         0         0         0         0         0
   166/299     1.66G   0.02598  0.005908  0.006267   0.00519   0.00809   0.01932   0.07075         3       736         0         0         0         0         0         0         0
   167/299     1.66G   0.02521  0.005901  0.005705  0.004242  0.007952   0.01864   0.06765         7       896         0         0         0         0         0         0         0
   168/299     1.66G   0.02656  0.006249  0.006652  0.004596  0.008593   0.01929   0.07195         2       384         0         0         0         0         0         0         0
   169/299     1.66G   0.02558  0.005827  0.006065  0.004543  0.008579   0.01881    0.0694         3       800         0         0         0         0         0         0         0
   170/299     1.66G   0.02581  0.006121  0.006422  0.004765  0.008886   0.01909   0.07109         3       736         0         0         0         0         0         0         0
   171/299     1.66G   0.02527  0.005981  0.005844  0.005091  0.007148    0.0184   0.06773         2       512         0         0         0         0         0         0         0
   172/299     1.66G   0.02575  0.006046  0.006222  0.005763  0.007958   0.01935   0.07109         3       928         0         0         0         0         0         0         0
   173/299     1.66G   0.02521  0.005857  0.006064  0.005023  0.007375   0.01938   0.06891         5       800         0         0         0         0         0         0         0
   174/299     1.66G   0.02543  0.005868  0.006184  0.004152   0.00888   0.01885   0.06937         6       416         0         0         0         0         0         0         0
   175/299     1.66G    0.0247  0.005867   0.00557  0.004245  0.007593   0.01876   0.06674         3       544         0         0         0         0         0         0         0
   176/299     1.66G   0.02485  0.005581  0.005731  0.005005  0.007201   0.01852   0.06689         5       896         0         0         0         0         0         0         0
   177/299     1.66G   0.02442  0.005572  0.005301  0.004702  0.007019   0.01769    0.0647         3       960         0         0         0         0         0         0         0
   178/299     1.66G   0.02476  0.005917  0.005394   0.00418  0.007332   0.01763   0.06522         3       800         0         0         0         0         0         0         0
   179/299     1.66G   0.02428    0.0059  0.005501  0.003997  0.007178   0.01769   0.06456         3       384         0         0         0         0         0         0         0
   180/299     1.66G   0.02492  0.005746  0.005775  0.004023  0.007245   0.01834   0.06604         3       608         0         0         0         0         0         0         0
   181/299     1.66G   0.02521  0.005636  0.006292  0.004954  0.009139   0.01942   0.07065         2       832         0         0         0         0         0         0         0
   182/299     1.66G   0.02444   0.00563  0.005343   0.00459   0.00676   0.01849   0.06526         2       608         0         0         0         0         0         0         0
   183/299     1.66G   0.02442  0.005905  0.005612  0.003809  0.007303    0.0178   0.06485         5       640         0         0         0         0         0         0         0
   184/299     1.66G   0.02502  0.005866  0.005626  0.005293  0.007845   0.01972   0.06937         3       448         0         0         0         0         0         0         0
   185/299     1.66G   0.02532  0.006049  0.006496  0.004921  0.008393   0.01926   0.07044         4       832         0         0         0         0         0         0         0
   186/299     1.66G   0.02623  0.006149  0.006779   0.00477  0.009049   0.02174   0.07472         4       384         0         0         0         0         0         0         0
   187/299     1.66G   0.02663  0.006216  0.007259  0.005122  0.008577   0.02199   0.07579         6       608         0         0         0         0         0         0         0
   188/299     1.66G   0.02599  0.006229  0.007079  0.005038  0.008698   0.02078   0.07381         5       448         0         0         0         0         0         0         0
   189/299     1.66G    0.0256   0.00633  0.006558  0.004481  0.008188    0.0211   0.07226         4       576         0         0         0         0         0         0         0
   190/299     1.66G   0.02605  0.006168  0.006796  0.004834  0.007977   0.02074   0.07257         3       480         0         0         0         0         0         0         0
   191/299     1.66G   0.02514  0.006099  0.006188  0.005115  0.007777   0.01884   0.06916         1       864         0         0         0         0         0         0         0
   192/299     1.66G   0.02517  0.005831  0.005865  0.004568   0.00822   0.01883   0.06849         4       768         0         0         0         0         0         0         0
   193/299     1.66G   0.02462  0.005876  0.005685  0.004145  0.007924   0.01861   0.06686         4       608         0         0         0         0         0         0         0
   194/299     1.66G   0.02481  0.005549  0.005892  0.004337  0.007303     0.019   0.06689         2       864         0         0         0         0         0         0         0
   195/299     1.66G   0.02422  0.005795  0.005603  0.004027  0.006633   0.01786   0.06415         3       480         0         0         0         0         0         0         0
   196/299     1.66G   0.02494  0.005938  0.005956  0.004635  0.008316   0.01844   0.06823         7       704         0         0         0         0         0         0         0
   197/299     1.66G   0.02441  0.005484  0.005377  0.003651   0.00707   0.01743   0.06342         1       800         0         0         0         0         0         0         0
   198/299     1.66G   0.02516    0.0058  0.006212  0.004176  0.008517   0.01935   0.06921         6       320         0         0         0         0         0         0         0
   199/299     1.66G   0.02426  0.005934  0.005796  0.003979  0.007799   0.01741   0.06518         3       736         0         0         0         0         0         0         0
   200/299     1.66G   0.02471  0.005559   0.00594  0.005285  0.007748   0.01986    0.0691         2       416         0         0         0         0         0         0         0
   201/299     1.66G   0.02563  0.006005  0.006557  0.004849  0.008267   0.02095   0.07226         2       608         0         0         0         0         0         0         0
   202/299     1.66G   0.02439  0.005997  0.005694  0.004115  0.007974   0.01873    0.0669         3       864         0         0         0         0         0         0         0
   203/299     1.66G   0.02433  0.005615  0.005412  0.004681  0.007577   0.01794   0.06556         2       352         0         0         0         0         0         0         0
   204/299     1.66G   0.02486  0.005854  0.005396  0.005738  0.006947    0.0181   0.06689         3       320         0         0         0         0         0         0         0
   205/299     1.66G   0.02502  0.005939  0.006088  0.005119  0.008916   0.01854   0.06962         3       576         0         0         0         0         0         0         0
   206/299     1.66G   0.02509  0.005644  0.006351  0.004676  0.007464   0.01916   0.06838         2       672         0         0         0         0         0         0         0
   207/299     1.66G   0.02442  0.005506  0.005624  0.004701  0.007058    0.0184   0.06571         3       480         0         0         0         0         0         0         0
   208/299     1.66G   0.02396  0.005853  0.005295    0.0041  0.007383    0.0175   0.06408         3       928         0         0         0         0         0         0         0
   209/299     1.66G    0.0241  0.005799  0.005293  0.004216  0.007921   0.01678    0.0641         3       416         0         0         0         0         0         0         0
   210/299     1.66G   0.02405  0.005486  0.005244  0.004723  0.007507    0.0174   0.06441         4       704         0         0         0         0         0         0         0
   211/299     1.66G   0.02373   0.00568  0.005296  0.003962  0.007528   0.01721   0.06341         4       384         0         0         0         0         0         0         0
   212/299     1.66G    0.0236  0.005674  0.004801  0.003954  0.007015   0.01672   0.06176         4       320         0         0         0         0         0         0         0
   213/299     1.66G   0.02346  0.005652   0.00518  0.004357  0.007157   0.01653   0.06234         2       352         0         0         0         0         0         0         0
   214/299     1.66G   0.02383  0.005856  0.005243  0.004933  0.006901   0.01648   0.06324         1       352         0         0         0         0         0         0         0
   215/299     1.66G   0.02496   0.00598  0.006545  0.006064  0.008865   0.01745   0.06986         4       896         0         0         0         0         0         0         0
   216/299     1.66G   0.02459  0.005786   0.00562  0.004788  0.008169   0.01735    0.0663         7       832         0         0         0         0         0         0         0
   217/299     1.66G   0.02397  0.005694  0.005483  0.004233  0.007147   0.01683   0.06336         4       672         0         0         0         0         0         0         0
   218/299     1.66G   0.02384  0.005459  0.005208  0.004335  0.007104   0.01711   0.06306         6       928         0         0         0         0         0         0         0
   219/299     1.66G    0.0236  0.005621  0.004882  0.003818  0.006296   0.01677   0.06098         3       800         0         0         0         0         0         0         0
   220/299     1.66G   0.02346  0.005832  0.004957  0.004395  0.006111   0.01641   0.06116         9       416         0         0         0         0         0         0         0
   221/299     1.66G   0.02328   0.00559  0.004625  0.003826  0.006615   0.01628   0.06022        12       800         0         0         0         0         0         0         0
   222/299     1.66G   0.02346   0.00558  0.005175  0.003781  0.007022   0.01706   0.06208         3       608         0         0         0         0         0         0         0
   223/299     1.66G   0.02331  0.005807  0.005055  0.003949  0.006702   0.01649   0.06131        11       608         0         0         0         0         0         0         0
   224/299     1.66G   0.02359  0.005529  0.005227  0.004483  0.006403   0.01777     0.063         3       736         0         0         0         0         0         0         0
   225/299     1.66G   0.02405  0.005663  0.005436  0.004091  0.007159      0.02    0.0664         3       576         0         0         0         0         0         0         0
   226/299     1.66G    0.0236  0.005564  0.004787   0.00385  0.006537   0.01733   0.06167         3       544         0         0         0         0         0         0         0
   227/299     1.66G   0.02332  0.005408  0.004981  0.003792  0.006875   0.01748   0.06186         4       800         0         0         0         0         0         0         0
   228/299     1.66G   0.02285  0.005516  0.004857  0.004226  0.006783   0.01796    0.0622         6       672         0         0         0         0         0         0         0
   229/299     1.66G   0.02349  0.005472  0.004794  0.004417  0.006704    0.0185   0.06337         3       384         0         0         0         0         0         0         0
   230/299     1.66G   0.02453  0.006276   0.00635  0.004106  0.007867   0.01876   0.06789         4       960         0         0         0         0         0         0         0
   231/299     1.66G   0.02318  0.005316  0.005489  0.003865  0.006737   0.01791    0.0625         4       704         0         0         0         0         0         0         0
   232/299     1.66G   0.02312  0.005745  0.004865  0.004057  0.006439   0.01697    0.0612         2       320         0         0         0         0         0         0         0
   233/299     1.66G   0.02275  0.005556  0.004737  0.003745  0.006704   0.01578   0.05927         3       544         0         0         0         0         0         0         0
   234/299     1.66G   0.02309  0.005591  0.004768  0.003824  0.006507   0.01754   0.06132         4       736         0         0         0         0         0         0         0
   235/299     1.66G   0.02319  0.005543  0.004805  0.003581  0.006693   0.01751   0.06132         3       832         0         0         0         0         0         0         0
   236/299     1.66G   0.02298  0.005233  0.004859  0.004225  0.006758   0.01657   0.06063         3       800         0         0         0         0         0         0         0
   237/299     1.66G   0.02241  0.005129  0.005025  0.003521  0.007141   0.01663   0.05986         6       608         0         0         0         0         0         0         0
   238/299     1.66G   0.02247  0.005471   0.00467  0.003711   0.00682   0.01528   0.05842         3       544         0         0         0         0         0         0         0
   239/299     1.66G   0.02286  0.005484  0.004845  0.003494   0.00713   0.01558   0.05939         3       736         0         0         0         0         0         0         0
   240/299     1.66G    0.0225  0.005543  0.004901    0.0037   0.00618   0.01515   0.05797         1       640         0         0         0         0         0         0         0
   241/299     1.66G   0.02244  0.005372  0.004515  0.003926   0.00642   0.01593   0.05861         9       384         0         0         0         0         0         0         0
   242/299     1.66G   0.02253  0.005284  0.004694  0.004025  0.008198   0.01595   0.06068         2       512         0         0         0         0         0         0         0
   243/299     1.66G   0.02287  0.005567  0.004621  0.003586  0.006718   0.01542   0.05878         3       704         0         0         0         0         0         0         0
   244/299     1.66G   0.02252  0.005346  0.004695  0.003737  0.007094   0.01691    0.0603         4       384         0         0         0         0         0         0         0
   245/299     1.66G   0.02242   0.00536  0.004929  0.003574   0.00693   0.01589    0.0591         3       736         0         0         0         0         0         0         0
   246/299     1.66G   0.02209   0.00532  0.004344  0.003904  0.006674   0.01501   0.05735         2       448         0         0         0         0         0         0         0
   247/299     1.66G   0.02216   0.00534  0.004174  0.003458  0.005979   0.01525   0.05636         4       736         0         0         0         0         0         0         0
   248/299     1.66G   0.02201  0.005133  0.004219   0.00395  0.006661   0.01494   0.05691         8       960         0         0         0         0         0         0         0
   249/299     1.66G   0.02242   0.00529  0.004696  0.003885  0.006183   0.01568   0.05815         2       800         0         0         0         0         0         0         0
   250/299     1.66G   0.02188   0.00517  0.004382  0.003503  0.006576   0.01518   0.05669         2       672         0         0         0         0         0         0         0
   251/299     1.66G   0.02198  0.005223  0.004209  0.003088  0.005814   0.01476   0.05507         4       416         0         0         0         0         0         0         0
   252/299     1.66G   0.02177  0.005113  0.004033  0.003744  0.005664   0.01501   0.05533         4       960         0         0         0         0         0         0         0
   253/299     1.66G   0.02187  0.005308  0.004268  0.003799  0.006846   0.01488   0.05697         2       672         0         0         0         0         0         0         0
   254/299     1.66G   0.02185  0.005104  0.004634  0.003624  0.007491   0.01497   0.05767         2       864         0         0         0         0         0         0         0
   255/299     1.66G   0.02173  0.005199  0.004374  0.003554  0.006259   0.01454   0.05566         3       512         0         0         0         0         0         0         0
   256/299     1.66G   0.02195  0.005512  0.004289  0.003475  0.006619   0.01577   0.05761         3       608         0         0         0         0         0         0         0
   257/299     1.66G   0.02235  0.005603  0.004897  0.003665  0.006569   0.01537   0.05845         2       704         0         0         0         0         0         0         0
   258/299     1.66G   0.02216  0.005376  0.004487  0.003598  0.006542   0.01529   0.05745        12       352         0         0         0         0         0         0         0
   259/299     1.66G   0.02224  0.005498  0.004384   0.00352  0.005821   0.01513   0.05659         4       800         0         0         0         0         0         0         0
   260/299     1.66G   0.02216  0.005221   0.00422  0.003709  0.005323   0.01489   0.05552         8       768         0         0         0         0         0         0         0
   261/299     1.66G   0.02174  0.005124  0.004429  0.003562  0.006958   0.01486   0.05668         3       960         0         0         0         0         0         0         0
   262/299     1.66G   0.02147  0.005272  0.004028   0.00357   0.00569   0.01431   0.05434         5       640         0         0         0         0         0         0         0
   263/299     1.66G   0.02178  0.005077  0.004483  0.003545  0.006744   0.01508   0.05671         2       320         0         0         0         0         0         0         0
   264/299     1.66G   0.02158  0.005255  0.004187  0.003224  0.005524   0.01512   0.05489         3       672         0         0         0         0         0         0         0
   265/299     1.66G   0.02192  0.005205  0.004276  0.003219  0.006455   0.01544   0.05651         8       704         0         0         0         0         0         0         0
   266/299     1.66G   0.02151  0.005211   0.00423    0.0032  0.006539   0.01501    0.0557         2       672         0         0         0         0         0         0         0
   267/299     1.66G   0.02139  0.005276  0.004016  0.003709  0.005936   0.01501   0.05533         3       672         0         0         0         0         0         0         0
   268/299     1.66G     0.022  0.005123  0.004735   0.00381  0.006563   0.01537    0.0576         5       544         0         0         0         0         0         0         0
   269/299     1.66G   0.02189  0.005298  0.004278  0.003691  0.005643   0.01467   0.05547         3       768         0         0         0         0         0         0         0
   270/299     1.66G   0.02192  0.005483   0.00403  0.003128  0.006477   0.01424   0.05528         4       800         0         0         0         0         0         0         0
   271/299     1.66G   0.02164  0.005116  0.004166  0.003369  0.006141   0.01511   0.05555         6       768         0         0         0         0         0         0         0
   272/299     1.66G   0.02198  0.005289  0.004451  0.003764  0.006224   0.01498   0.05668         5       448         0         0         0         0         0         0         0
   273/299     1.66G   0.02211  0.005515  0.004692  0.003924  0.008219   0.01511   0.05956         4       512         0         0         0         0         0         0         0
   274/299     1.66G   0.02139  0.005186  0.004193  0.003747  0.005903   0.01483   0.05525         3       512         0         0         0         0         0         0         0
   275/299     1.66G    0.0215  0.005264  0.004122  0.003684    0.0066   0.01543    0.0566         5       704         0         0         0         0         0         0         0
   276/299     1.66G   0.02128  0.004951  0.004196  0.003456   0.00607   0.01404   0.05399         2       352         0         0         0         0         0         0         0
   277/299     1.66G   0.02179  0.005201  0.003873  0.003485  0.005772    0.0143   0.05442         4       800         0         0         0         0         0         0         0
   278/299     1.66G   0.02129  0.004989  0.003914  0.003544  0.005661   0.01418   0.05357         3       832         0         0         0         0         0         0         0
   279/299     1.66G   0.02102  0.005371    0.0039  0.003213  0.005461   0.01387   0.05284         3       480         0         0         0         0         0         0         0
   280/299     1.66G    0.0212   0.00511  0.004256  0.003447  0.005941   0.01456   0.05451         5       960         0         0         0         0         0         0         0
   281/299     1.66G   0.02103  0.005229  0.003926    0.0038  0.006394   0.01463   0.05501         3       640         0         0         0         0         0         0         0
   282/299     1.66G   0.02136  0.005083  0.003978   0.00398  0.006191   0.01454   0.05513         4       864         0         0         0         0         0         0         0
   283/299     1.66G   0.02128  0.005179  0.004197  0.003411   0.00691    0.0148   0.05578         1       352         0         0         0         0         0         0         0
   284/299     1.66G   0.02142  0.005091  0.003831  0.003283  0.005398   0.01446   0.05348         3       544         0         0         0         0         0         0         0
   285/299     1.66G   0.02169  0.005103   0.00443  0.003528  0.005794    0.0144   0.05494         1       480         0         0         0         0         0         0         0
   286/299     1.66G   0.02166  0.005408   0.00431  0.003407   0.00607   0.01442   0.05527         6       480         0         0         0         0         0         0         0
   287/299     1.66G   0.02157   0.00521  0.004335  0.004236  0.006555   0.01445   0.05635         2       608         0         0         0         0         0         0         0
   288/299     1.66G   0.02178  0.005024  0.004347  0.004031  0.006046   0.01511   0.05634         3       736         0         0         0         0         0         0         0
   289/299     1.66G   0.02136  0.005574  0.004111  0.004244  0.006541   0.01431   0.05613         4       864         0         0         0         0         0         0         0
   290/299     1.66G   0.02165  0.005264  0.004487  0.003782  0.007952   0.01516   0.05829         2       320         0         0         0         0         0         0         0
   291/299     1.66G   0.02163  0.005431  0.004342  0.003897  0.006729   0.01448   0.05651         7       480         0         0         0         0         0         0         0
   292/299     1.66G   0.02146   0.00522  0.004149  0.003701  0.006199   0.01439   0.05511         4       896         0         0         0         0         0         0         0
   293/299     1.66G   0.02153  0.005372   0.00425  0.003682  0.006615   0.01425    0.0557         5       384         0         0         0         0         0         0         0
   294/299     1.66G   0.02103  0.005381  0.003885  0.003077  0.006957   0.01439   0.05471         6       736         0         0         0         0         0         0         0
   295/299     1.66G   0.02078  0.005158  0.003845  0.003063   0.00613    0.0139   0.05288         7       448         0         0         0         0         0         0         0
   296/299     1.66G   0.02057  0.004835  0.003641  0.003166  0.005354   0.01419   0.05175         3       320         0         0         0         0         0         0         0
   297/299     1.66G   0.02067  0.005086  0.003785  0.003691  0.006197   0.01382   0.05325         4       352         0         0         0         0         0         0         0
   298/299     1.66G   0.02127  0.005381   0.00391  0.003367  0.005921   0.01503   0.05488         3       832         0         0         0         0         0         0         0
   299/299     1.66G   0.02166  0.005365  0.003894  0.003384   0.00549   0.01526   0.05506         2       864    0.2208   0.06225    0.2294     0.189   0.01427  0.003078  0.002009
